#include <stdio.h>
#include <stdlib.h>
#include <string.h>
#include <time.h>

#define TERRA 10
#define NEVE 11
#define AGUA 4
#define CAMINHOHOR 3
#define CAMINHOVER 1
#define HORIZONTAL 2
#define VERTICAL 7
#define CANTINFESQ 8
#define CANTINFDIR 9
#define CANTSUPESQ 5
#define CANTSUPDIR 6
#define PAIS 0

void inicio_jogo(){
	
	char player1[100], player2[100];

	int num_aleatorio;
	
	printf("\t\t\t\t\t\t\t\t\tBem-vindo ao MINI WAR.\n\t\t\t\t\t\t\t\t\tAperte qualquer tecla para comecar o jogo.\n");

	system("pause");
		
	printf("\t\t\t\t\t\t\t\t\tPlayer 1, digite seu username: ");
	
	scanf(" \t\t\t\t\t\t\t\t\t\t\t\t\t\t\t\t\t\t%[^\n]s", &player1);
	
	printf("\t\t\t\t\t\t\t\t\tPlayer 2, digite seu username: ");
	
	scanf(" \t\t\t\t\t\t\t\t\t%[^\n]s", &player2);
	
	printf("\t\t\t\t\t\t\t\t\tCada pais possui uma numeracao seguido de uma letra.\n\t\t\t\t\t\t\t\t\tOs paises de numero 1 pertencem a %s.\n\t\t\t\t\t\t\t\t\tEnquanto os paises de numero 2 pertencem a %s.\n\t\t\t\t\t\t\t\t\tCada um de voces possuem 5 tropas adicionais.\n\t\t\t\t\t\t\t\t\tPosicione-as com sabedoria.\n", player1, player2);
	
	srand(time(NULL));
	
	num_aleatorio = rand() % 2;
	
	if(num_aleatorio == 0){
		
		printf("\t\t\t\t\t\t\t\t\t%s, eh sua vez!\n", player1);
		printf("\t\t\t\t\t\t\t\t\t%s, posicione suas tropas!\n", player1);
		
	}else if(num_aleatorio == 1){
		
		printf("\t\t\t\t\t\t\t\t\t%s, eh sua vez!\n", player2);
		printf("\t\t\t\t\t\t\t\t\t%s, posicione suas tropas!\n", player2);
	}
	
}

void nome_paises(char pais[21][4]){
		
	int k, num_aleatorio, qntd_player1 = 0, qntd_player2 = 0;
		
	char num_player[2], letra_pais[3];
	
	srand(time(NULL));
	
	for(k = 0; k < 20; k++){
		
		num_aleatorio = rand() % 2;
		
		if((num_aleatorio == 0 && qntd_player1 < 10) || qntd_player2 >= 10){
			
			strcpy(num_player, "1\0");
			
			qntd_player1++;
			
		} else if((num_aleatorio == 1 && qntd_player2 < 10) || qntd_player1 >= 10){
		
			strcpy(num_player, "2\0");
			
			qntd_player2++;
			
		} letra_pais[0] = 65 + k;
		
		letra_pais[1] = '-';
		
		letra_pais[2] = '\0';
		
		strcat(num_player, letra_pais);
		
		strcpy(pais[k], num_player);
		
		num_player[0] = '\0';
		
		letra_pais[0] = '\0';
	}
	
}

void print_mapa(){
	
	system("color 1f");
	
	char pais[21][4];
	
	int i, j, cont = 0, tropas = 1, mapa[40][75] = {
4,4,4,4,4,4,4,4,4,4,4,4,4,4,4,4,4,4,4,4,4,4,4,4,4,4,4,4,4,4,4,4,4,4,4,4,4,4,4,4,4,4,4,4,4,4,4,4,4,4,4,4,4,4,4,4,4,4,4,4,4,4,4,4,4,4,4,4,4,4,4,4,4,4,4,
4,4,4,4,4,4,4,4,4,4,4,4,4,4,4,4,4,4,4,4,4,4,4,4,4,4,4,4,4,4,4,4,4,4,4,4,4,4,4,4,4,4,4,4,4,4,4,4,4,4,4,4,4,4,4,4,4,4,4,4,4,4,4,4,4,4,4,4,4,4,4,4,4,4,4,
4,4,4,4,4,4,4,4,4,4,4,4,4,4,4,4,4,4,4,4,4,4,4,4,4,4,4,4,4,4,4,4,4,4,4,4,4,4,4,4,4,4,4,4,4,4,4,4,4,4,4,4,4,4,4,4,4,4,4,4,4,4,4,4,4,4,4,4,4,4,4,4,4,4,4,
4,4,4,4,4,4,4,4,4,4,4,4,4,4,4,4,4,4,4,4,4,4,4,4,4,4,4,4,4,4,4,4,4,4,4,4,4,4,4,4,4,4,4,4,4,4,4,4,4,4,4,4,4,4,4,4,4,4,4,4,4,4,4,4,4,4,4,4,4,4,4,4,4,4,4,
4,4,4,4,4,4,4,4,4,4,4,4,4,4,4,4,4,4,4,4,4,4,4,4,5,2,2,2,6,4,4,4,4,4,4,4,4,4,4,4,4,4,4,4,4,4,4,4,4,4,4,4,4,4,4,4,4,4,4,4,4,4,4,4,4,4,4,4,4,4,4,4,4,4,4,
4,4,4,4,4,4,4,4,4,4,4,4,4,4,4,3,3,3,3,3,3,3,3,3,7,0,7,3,3,3,3,3,3,3,3,3,3,3,3,3,3,3,4,4,4,4,4,4,4,4,4,4,4,4,4,4,4,4,4,4,4,4,4,4,4,4,4,4,4,4,4,4,4,4,4,
4,4,4,4,4,4,4,4,4,4,4,4,4,4,4,1,4,4,4,4,4,4,4,4,8,2,2,2,9,4,4,4,4,4,4,4,4,4,4,4,4,4,4,1,4,4,4,4,4,4,4,4,4,4,4,4,4,4,4,4,4,4,4,4,4,4,4,4,4,4,4,4,4,4,4,
4,4,4,4,4,4,4,4,4,4,4,4,4,4,4,1,4,4,4,4,4,4,4,4,4,4,4,4,4,4,4,4,4,4,4,4,4,4,4,4,4,4,4,1,4,4,4,4,4,4,4,4,4,4,4,4,4,4,4,4,4,4,4,4,4,4,4,4,4,4,4,4,4,4,4,
4,4,4,4,4,4,4,4,4,4,4,4,4,4,4,1,4,4,4,4,4,4,4,4,4,4,4,4,4,4,4,4,4,4,4,4,4,4,4,4,4,4,4,1,4,4,4,4,4,4,4,4,4,4,4,4,4,4,4,4,4,4,4,4,4,4,4,4,4,4,4,4,4,4,4,
4,4,4,4,4,4,4,4,4,4,4,4,4,4,4,1,4,4,4,4,4,4,4,4,4,4,4,4,4,4,4,4,4,4,4,4,4,4,4,4,4,4,4,1,4,4,4,4,4,4,4,4,4,4,4,4,4,4,4,4,4,4,4,4,4,4,4,4,4,4,4,4,4,4,4,
4,4,4,4,4,4,4,5,2,2,2,6,5,2,2,2,6,4,4,4,4,4,4,4,4,4,4,4,4,4,4,4,4,4,4,4,4,4,4,4,4,4,5,2,2,2,6,5,2,2,2,6,4,5,2,2,2,6,5,2,2,2,6,5,2,2,2,6,4,4,4,4,4,4,4,
3,3,3,3,3,3,3,7,0,7,7,0,7,4,4,4,4,4,4,4,4,4,4,4,4,4,4,4,4,4,4,4,4,4,4,4,4,4,7,0,7,7,0,7,3,7,0,7,7,0,7,7,0,7,3,3,3,3,3,3,3,4,4,4,4,4,4,4,4,4,4,4,4,4,4,
4,4,4,4,4,4,4,8,2,2,2,9,8,2,2,2,9,4,4,4,4,4,4,4,4,4,4,4,4,4,4,4,4,4,4,4,4,4,4,4,4,4,8,2,2,2,9,8,2,2,2,9,4,8,2,2,2,9,8,2,2,2,9,8,2,2,2,9,4,4,4,4,4,4,4,
4,4,4,4,4,4,4,5,2,2,2,6,4,4,4,4,4,4,4,4,4,4,4,4,4,4,4,4,4,4,4,4,4,4,4,4,4,4,4,4,4,4,4,4,4,4,4,5,2,2,2,6,4,5,2,2,2,6,5,2,2,2,6,5,2,2,2,6,4,4,4,4,4,4,4,
4,4,4,4,4,4,4,7,0,7,4,4,4,4,4,4,4,4,4,4,4,4,4,4,4,4,4,4,4,4,4,4,4,4,4,4,4,4,4,4,4,4,4,4,4,7,0,7,3,7,0,7,7,0,7,7,0,7,4,4,4,4,4,4,4,4,4,4,4,4,4,4,4,4,4,
4,4,4,4,4,4,4,8,2,2,2,9,4,4,4,4,4,4,4,4,4,4,4,4,4,4,4,4,4,4,4,4,4,4,4,4,4,4,4,4,4,4,4,4,4,4,4,8,2,2,2,9,4,8,2,2,2,9,8,2,2,2,9,8,2,2,2,9,4,4,4,4,4,4,4,
4,4,4,4,4,4,4,4,4,1,4,4,4,4,4,4,4,4,4,4,4,4,4,4,4,4,4,4,4,4,4,4,4,4,4,4,4,4,4,4,4,4,4,4,4,4,4,4,4,1,4,4,4,4,4,4,4,4,4,4,4,4,4,4,1,4,4,4,4,4,4,4,4,4,4,
4,4,4,4,4,4,4,4,4,1,4,4,4,4,4,4,4,4,4,4,4,4,4,4,4,4,4,4,4,4,4,4,4,4,4,4,4,4,4,4,4,4,4,4,4,4,4,4,4,1,4,4,4,4,4,4,4,4,4,4,4,4,4,4,1,4,4,4,4,4,4,4,4,4,4,
4,4,4,4,4,4,4,4,4,1,4,4,4,4,4,4,4,4,4,4,4,4,4,4,4,4,4,4,4,4,4,4,4,4,4,4,4,4,4,4,4,4,4,4,4,4,4,4,4,1,4,4,4,4,4,4,4,4,4,4,4,4,4,4,1,4,4,4,4,4,4,4,4,4,4,
4,4,4,4,4,4,4,4,4,1,4,4,4,4,4,4,4,4,4,4,4,4,4,4,4,4,4,4,4,4,4,4,4,4,4,4,4,4,4,4,4,4,4,4,4,4,4,4,4,1,4,4,4,4,4,4,4,4,4,4,4,4,4,4,1,4,4,4,4,4,4,4,4,4,4,
4,4,4,4,4,4,4,4,4,1,4,4,4,4,4,4,4,4,4,4,4,4,4,4,4,4,4,4,4,4,4,4,4,4,4,4,4,4,4,4,4,4,4,4,4,4,4,4,4,1,4,4,4,4,4,4,4,4,4,4,4,4,4,4,1,4,4,4,4,4,4,4,4,4,4,
4,4,4,4,4,4,4,4,4,1,4,4,5,2,2,2,6,4,4,4,4,4,4,4,4,4,4,4,4,4,4,4,4,4,4,4,4,4,4,4,4,4,5,2,2,2,6,5,2,2,2,6,4,4,4,4,4,4,4,4,4,4,4,4,1,4,4,4,4,4,4,4,4,4,4,
4,4,4,4,4,4,4,4,4,3,3,3,7,0,7,3,3,3,3,3,3,3,3,3,3,3,3,3,3,3,3,3,3,3,3,3,3,3,3,3,7,0,7,7,0,7,4,4,4,4,4,4,4,4,4,4,4,4,1,4,4,4,4,4,4,4,4,4,4,4,4,4,4,4,4,
4,4,4,4,4,4,4,4,4,4,4,4,8,2,2,2,9,4,4,4,4,4,4,4,4,4,4,4,4,4,4,4,4,4,4,4,4,4,4,4,4,4,8,2,2,2,9,8,2,2,2,9,4,4,4,4,4,4,4,4,4,4,4,4,1,4,4,4,4,4,4,4,4,4,4,
4,4,4,4,4,4,4,4,4,4,4,4,5,2,2,2,6,4,4,4,4,4,4,4,4,4,4,4,4,4,4,4,4,4,4,4,4,4,4,4,4,4,4,4,4,4,4,5,2,2,2,6,4,4,4,4,4,4,4,4,4,4,4,4,1,4,4,4,4,4,4,4,4,4,4,
4,4,4,4,4,4,4,4,4,4,4,4,7,0,7,4,4,4,4,4,4,4,4,4,4,4,4,4,4,4,4,4,4,4,4,4,4,4,4,4,4,4,4,4,4,7,0,7,4,4,4,4,4,4,4,4,4,4,5,2,2,2,6,5,2,2,2,6,4,4,4,4,4,4,4,
4,4,4,4,4,4,4,4,4,4,4,4,8,2,2,2,9,4,4,4,4,4,4,4,4,4,4,4,4,4,4,4,4,4,4,4,4,4,4,4,4,4,4,4,4,4,4,8,2,2,2,9,4,4,4,4,4,4,4,4,4,4,7,0,7,7,0,7,4,4,4,4,4,4,4,
4,4,4,4,4,4,4,4,4,4,4,4,4,4,4,4,4,4,4,4,4,4,4,4,4,4,4,4,4,4,4,4,4,4,4,4,4,4,4,4,4,4,4,4,4,4,4,4,4,4,4,4,4,4,4,4,4,4,4,4,4,4,8,2,2,2,9,8,2,2,2,9,4,4,4,
4,4,4,4,4,4,4,4,4,4,4,4,4,4,4,4,4,4,4,4,4,4,4,4,4,4,4,4,4,4,4,4,4,4,4,4,4,4,4,4,4,4,4,4,4,4,4,4,4,4,4,4,4,4,4,4,4,4,4,4,4,4,4,4,4,4,4,4,4,4,4,4,4,4,4,
4,4,4,4,4,4,4,4,4,4,4,4,4,4,4,4,4,4,4,4,4,4,4,4,4,4,4,4,4,4,4,4,4,4,4,4,4,4,4,4,4,4,4,4,4,4,4,4,4,4,4,4,4,4,4,4,4,4,4,4,4,4,4,4,4,4,4,4,4,4,4,4,4,4,4,
4,4,4,4,4,4,4,4,4,4,4,4,4,4,4,4,4,4,4,4,4,4,4,4,4,4,4,4,4,4,4,4,4,4,4,4,4,4,4,4,4,4,4,4,4,4,4,4,4,4,4,4,4,4,4,4,4,4,4,4,4,4,4,4,4,4,4,4,4,4,4,4,4,4,4,
4,4,4,4,4,4,4,4,4,4,4,4,4,4,4,4,4,4,4,4,4,4,4,4,4,4,4,4,4,4,4,4,4,4,4,4,4,4,4,4,4,4,4,4,4,4,4,4,4,4,4,4,4,4,4,4,4,4,4,4,4,4,4,4,4,4,4,4,4,4,4,4,4,4,4,
4,4,4,4,4,4,4,4,4,4,4,4,4,4,4,4,4,4,4,4,4,4,4,4,4,4,4,4,4,11,4,4,4,4,4,4,4,4,4,4,4,4,4,4,4,4,4,4,4,4,4,4,4,4,4,4,4,4,4,4,4,4,4,4,4,4,4,4,4,4,4,4,4,4,4,
4,4,4,4,4,4,4,4,4,4,4,4,4,4,4,4,4,4,4,4,4,4,4,4,4,4,4,4,4,11,11,4,4,4,4,4,4,4,4,4,4,4,4,4,4,4,4,4,4,4,4,4,4,4,4,4,4,4,4,4,4,4,4,4,4,4,4,4,4,4,4,4,4,4,4,
4,4,4,4,4,4,4,4,4,4,4,4,4,4,4,4,4,4,4,4,4,4,4,4,4,4,4,4,4,11,11,11,4,4,4,4,4,4,4,4,4,4,4,4,4,4,4,4,4,4,4,4,4,4,4,4,4,4,4,4,4,4,4,4,4,4,4,4,4,4,4,4,4,4,4,
4,4,4,4,4,4,4,4,4,4,4,4,4,4,4,4,4,4,4,4,4,4,4,4,4,4,4,4,11,11,11,11,11,4,4,4,4,4,4,4,4,4,4,4,4,4,4,4,4,4,4,4,4,4,4,4,4,4,4,4,4,4,4,4,4,4,4,4,4,4,4,4,4,4,4,
4,4,4,4,4,4,4,4,4,4,4,4,4,4,4,11,11,11,11,11,11,11,11,11,11,11,11,11,11,11,11,11,11,11,11,11,11,11,11,11,11,11,11,11,11,11,11,11,4,4,4,4,4,4,4,4,4,4,4,4,4,4,4,4,4,4,4,4,4,4,4,4,4,4,4,
4,4,4,4,4,4,4,4,4,4,4,4,4,4,11,11,11,11,11,11,11,11,11,11,11,11,11,11,11,11,11,11,11,11,11,11,11,11,11,11,11,11,11,11,11,11,11,11,11,11,11,4,4,4,4,4,4,4,4,4,4,4,4,4,4,4,4,4,4,4,4,4,4,4,4,
4,4,4,4,4,4,4,4,4,4,4,4,11,11,11,11,11,11,11,11,11,11,11,11,11,11,11,11,11,11,11,11,11,11,11,11,11,11,11,11,11,11,11,11,11,11,11,11,11,11,11,11,4,4,4,4,4,4,4,4,4,4,4,4,4,4,4,4,4,4,4,4,4,4,4,
4,4,4,4,4,4,4,4,4,4,4,4,4,11,11,11,11,11,11,11,11,11,11,11,11,11,11,11,11,11,11,11,11,11,11,11,11,11,11,11,11,11,11,11,11,11,11,11,11,11,11,11,11,11,4,4,4,4,4,4,4,4,4,4,4,4,4,4,4,4,4,4,4,4,4
};
	
	for(i = 0; i < 40; i++ ){
		
		for(j = 0 ; j < 75; j++ ){
			
			if(mapa[i][j] == NEVE){
				
				printf("%c%c",219,219);
					
			}else if(mapa[i][j] == AGUA){
				
				printf("%c%c",32,32);
				
										
			}else if(mapa[i][j] == HORIZONTAL){
				
				printf("%c%c",205,205);
										
			}else if(mapa[i][j] == VERTICAL){
				
				printf("%c%c",186,186);
										
			}else if(mapa[i][j] == CANTINFESQ){
				
				printf("%c%c",200,200);
										
			}else if(mapa[i][j] == CANTINFDIR){
				
				printf("%c%c",188,188);
										
			}else if(mapa[i][j] == CANTSUPESQ){
				
				printf("%c%c",201,201);	
									
			}else if(mapa[i][j] == CANTSUPDIR){
				
				printf("%c%c",187,187);
										
			}else if(mapa[i][j] == CAMINHOHOR){
				
				printf("%c%c",196,196);	
									
			}else if(mapa[i][j] == CAMINHOVER){
				
				printf("%c%c",124,124);	
									
			}else if(mapa[i][j] == PAIS){
				
				nome_paises(pais);
						
				printf("%s%.3d", pais[cont], tropas);		
			
				cont++;
				
			}
				
		}printf("\n");
		
	} 	char posicao_pais[2];
	int numtropasadic, qtp, Y = 10, U, nt;


for(nt = 0; nt <= qtp; nt++){ // ler a distribuicao de tropas
	printf("Selecione o pais a adicionar as tropas\n");
	scanf(" %[^\n]s", &posicao_pais); // ler a posicao do pais
	fflush(stdin);
	for(U = 0; U<Y; U++){
		if(strcmp(posicao_pais, PAIS) == 0 ){ // comparar o pais com o mapa
			printf("Remanejando Tropas!");
			
		}else{
			printf("Pais nao registrado! Tente novamente!!!");
		}
	}

	printf("Digite o numero de tropas que voce deseja adicionar nesse pais\n");
	scanf("%d", &numtropasadic); // o número de tropas à adicionar
	if (numtropasadic > nt || numtropasadic == 0){ // verificar se é válido ou não
		printf("Nao e possivel adicionar! Tente novamente\n!!!");	
	}else{
		nt = numtropasadic;
	}

}
	
}

int main(){
	
	inicio_jogo();
		
	print_mapa();
	

	
	return 0;
	
}
